start=219.233333
speed=1.948717
