start=148.566667
speed=1.464100
pause=yes
