start=642.609276
speed=1.948717
fullscreen=yes
