start=646.833333
speed=2.357948
fullscreen=yes
