start=1.880000
speed=1.948717
