start=171.433333
speed=2.143589
pause=yes
