start=73.200000
speed=1.948717
