start=558.024133
speed=1.948717
