start=553.900000
speed=1.610510
