start=762.695267
speed=1.771561
