start=552.518633
speed=2.357948
pause=yes
