start=673.520000
speed=1.948717
