start=55.133333
speed=1.610510
