start=2183.700000
speed=2.593742
