start=1570.201967
speed=2.593742
