start=457.123790
speed=1.771561
fullscreen=yes
