start=3809.880000
speed=2.593742
