start=1265.033333
speed=3.138428
