start=528.933333
speed=1.464100
