start=10939.466667
speed=3.797498
pause=yes
