start=413.160000
speed=2.143589
