start=20.120000
speed=2.143589
fullscreen=yes
