start=173.000000
speed=2.143589
