start=597.866667
speed=2.357948
