start=5.166667
speed=1.948717
