start=308.741767
speed=1.210000
