start=161.833333
speed=1.948717
fullscreen=yes
