start=826.292960
speed=2.357948
