start=24.766667
speed=1.948717
pause=yes
