start=310.360000
speed=2.357948
fullscreen=yes
