start=396.633333
speed=2.593742
pause=yes
