start=514.240000
speed=2.143589
fullscreen=yes
