start=62.880000
speed=3.138428
