start=948.033333
speed=3.797498
pause=yes
