start=941.760000
speed=2.853117
