start=2986.040000
speed=3.138428
pause=yes
