start=1143.400000
speed=2.143589
