start=778.166667
speed=2.143589
