start=827.333333
speed=2.143589
