start=142.733333
speed=1.771561
