start=66.666667
speed=1.464100
fullscreen=yes
