start=807.600000
speed=1.948717
