start=631.733333
speed=1.948717
