start=16.683333
speed=2.357948
pause=yes
