start=5462.800000
speed=3.138428
